# Created by Octave 7.3.0, Fri Mar 17 12:03:40 2023 GMT <unknown@GRAMMARWORK>
# name: X1
# type: matrix
# rows: 25
# columns: 2
 4.7401604168824614 7.3866884622101656
 2.805384458911516 6.1696868719925595
 4.5347048211313234 5.9326821098412266
 3.5898572019536661 7.3292009001695435
 2.6937548967822358 5.92873102762334
 4.7565753194326303 4.7622081371969625
 1.8966779012193422 3.691435577870835
 4.0149614237514921 4.8105050062459043
 1.1480429057806616 2.9609122233945078
 2.450856916226873 3.8089489593362047
 3.0874757310699863 3.1317785689295188
 3.5277752744098727 5.8231654511432778
 3.3154636703100469 5.3001369853788969
 1.553079840531669 4.5817414584694296
 3.2002432843159334 3.544668475385321
 2.3261615629499133 4.7234004622057846
 3.0892212731075785 4.6821468641713277
 1.8938017212626457 2.3867922968287538
 1.6963517649247473 4.98411333321065
 1.8989024924453743 3.4332077200604258
 2.7789239207640408 5.2249851935751916
 3.0632075967121035 4.9836746631356714
 2.8748060510921554 5.3631761860799809
 4.6396532461081446 7.9824832848296907
 3.5680196523463636 6.1322911230835695


# name: X2
# type: matrix
# rows: 25
# columns: 2
 3.5755376625663438 2.3032333961882978
 4.0618392669104857 1.6551313011198239
 6.5519354540262729 4.5361480805401797
 5.0357331515643065 3.27848844891483
 4.4214810013172992 1.5743459507250563
 3.5595227747161688 0.12808339479853226
 4.8376529549435974 2.2099328716565663
 4.9426610702852951 2.9316045988387249
 3.3438232138728301 2.3770053889913978
 5.1952534828030865 3.4834077934340253
 4.3170195772781579 3.3468515054387411
 6.868095118823021 5.0307028320905216
 5.3563669590793062 1.8901045679131618
 3.8448857178952496 2.8545219318414907
 5.5074646018629974 2.5472002250045231
 5.8696423037883605 5.1672300137571519
 5.7788256820091872 3.6277373539282776
 5.4635562708450065 4.6266305050685528
 3.7171888050263164 2.258465104293268
 5.0458123972727833 3.0477798161289127
 3.6521391585754648 2.9392299851508663
 4.6630192171387659 2.6494408935682157
 5.0121152211431639 2.9886874853912762
 6.126498629055658 6.4516630854874162
 4.6368460369982376 3.4067797654864846


