# Created by Octave 7.3.0, Fri Mar 17 12:12:07 2023 GMT <unknown@GRAMMARWORK>
# name: m1
# type: matrix
# rows: 1
# columns: 2
 3.0057625337769105 5.0023504536947492


# name: m2
# type: matrix
# rows: 1
# columns: 2
 4.855396629191894 3.0924162518302518


# name: s1
# type: matrix
# rows: 2
# columns: 2
 1.0468007408442228 0.94256237146670097
 0.94256237146670097 1.9989841743864263


# name: s2
# type: matrix
# rows: 2
# columns: 2
 0.92701705179799587 0.93013649547829635
 0.93013649547829635 1.7602637772910652


